%YAML:1.0

#common parameters
imu_topic: "/imu_raw"
image_topic: "/camera/infra1/image_rect_raw"
output_path: "/home/ohrad/output/"

#camera calibration 
model_type: PINHOLE
camera_name: camera
image_width: 640
image_height: 480
distortion_parameters:
   k1: 0.003784929 # 1.350332e-01
   k2: -0.001396991 #-2.922065e-01
   p1: 0.0
   p2: 0.0
projection_parameters:
   fx: 384.7168 #6.140422e+02
   fy: 384.7674 #6.145987e+02
   cx: 322.1609 #3.247341e+02
   cy: 241.4738 #2.478645e+02

# Extrinsic parameter between IMU and Camera.
estimate_extrinsic: 1   # 0  Have an accurate extrinsic parameters. We will trust the following imu^R_cam, imu^T_cam, don't change it.
                        # 1  Have an initial guess about extrinsic parameters. We will optimize around your initial guess.
                        # 2  Don't know anything about extrinsic parameters. You don't need to give R,T. We will try to calibrate it. Do some rotation movement at beginning.                        
#If you choose 0 or 1, you should write down the following matrix.
#Rotation from camera frame to imu frame, imu^R_cam
extrinsicRotation: !!opencv-matrix
   rows: 3
   cols: 3
   dt: d
#   data: [-0.1800,  0.0288657,  -0.983236,
#          -0.983308, -0.0319909,   0.179114,
#          -0.0262843,   0.999071,  0.0341436]

   #   data: [-0.0898626, 0.00831124,  -0.995919,
   #          -0.994781,  0.0477745,    0.0901586,
   #           0.0483288,   0.998824, 0.00397472]
   data: [0.007470291, 0.01725892,  -0.9998231, 
         -0.9999677,   0.003088784, -0.007418053,
          0.00296021,  0.9998463,    0.01728144 ] 
#Translation from camera frame to imu frame, imu^T_cam
extrinsicTranslation: !!opencv-matrix
   rows: 3
   cols: 1
   dt: d
   # data: [0.07494282, -0.01077138, -0.00641822]
   data: [ -.175, .2, -.0035 ] # m.o. extrinsics cal

#feature traker paprameters
max_cnt: 150            # max feature number in feature tracking
min_dist: 25            # min distance between two features 
freq: 10                # frequence (Hz) of publish tracking result. At least 10Hz for good estimation. If set 0, the frequence will be same as raw image 
F_threshold: 1.0        # ransac threshold (pixel)
show_track: 1           # publish tracking image as topic
equalize: 0             # if image is too dark or light, trun on equalize to find enough features
fisheye: 0              # if using fisheye, trun on it. A circle mask will be loaded to remove edge noisy points

#optimization parameters
max_solver_time: 0.04  # max solver itration time (ms), to guarantee real time
max_num_iterations: 8   # max solver itrations, to guarantee real time
keyframe_parallax: 10.0 # keyframe selection threshold (pixel)

#imu parameters       The more accurate parameters you provide, the better performance
acc_n: 0.1          # accelerometer measurement noise standard deviation. #0.2
gyr_n: 0.01         # gyroscope measurement noise standard deviation.     #0.05
acc_w: 0.0002         # accelerometer bias random work noise standard deviation.  #0.02
gyr_w: 2.0e-5       # gyroscope bias random work noise standard deviation.     #4.0e-5
g_norm: 9.805       # gravity magnitude

#loop closure parameters
loop_closure: 1                    # start loop closure
fast_relocalization: 1             # useful in real-time and large project
load_previous_pose_graph: 0        # load and reuse previous pose graph; load from 'pose_graph_save_path'
pose_graph_save_path: "/home/ohrad/output/pose_graph/" # save and load path

#unsynchronization parameters
estimate_td: 1                      # online estimate time offset between camera and imu
td: 0.000                           # initial value of time offset. unit: s. readed image clock + td = real image clock (IMU clock)

#rolling shutter parameters
rolling_shutter: 0                      # 0: global shutter camera, 1: rolling shutter camera
rolling_shutter_tr: 0.033               # unit: s. rolling shutter read out time per frame (from data sheet). 

#visualization parameters
save_image: 1                   # save image in pose graph for visualization prupose; you can close this function by setting 0 
visualize_imu_forward: 0        # output imu forward propogation to achieve low latency and high frequence results
visualize_camera_size: 0.4      # size of camera marker in RVIZ
